banner_sup.swf Informe de película
-----------------------------------

Metadatos
---------
Bytes    Valor
-----    -----
 1213    <rdf:RDF xmlns:rdf="http://www.w3.org/1999/02/22-rdf-syntax-ns#"> <rdf:Description rdf:about="" xmlns:xmp="http://ns.adobe.com/xap/1.0/"> <xmp:CreatorTool>Adobe Flash CS4 Professional</xmp:CreatorTool> <xmp:CreateDate>2009-12-16T23:13:40-05:00</xmp:CreateDate> <xmp:MetadataDate>2009-12-24T12:13:29-05:00</xmp:MetadataDate> <xmp:ModifyDate>2009-12-24T12:13:29-05:00</xmp:ModifyDate> </rdf:Description> <rdf:Description rdf:about="" xmlns:dc="http://purl.org/dc/elements/1.1/"> <dc:format>application/x-shockwave-flash</dc:format> </rdf:Description> <rdf:Description rdf:about="" xmlns:xmpMM="http://ns.adobe.com/xap/1.0/mm/" xmlns:stRef="http://ns.adobe.com/xap/1.0/sType/ResourceRef#"> <xmpMM:InstanceID>xmp.iid:AD7520A8AFF0DE11B7FEFC0D7810C9FC</xmpMM:InstanceID> <xmpMM:DocumentID>xmp.did:AD7520A8AFF0DE11B7FEFC0D7810C9FC</xmpMM:DocumentID> <xmpMM:OriginalDocumentID>xmp.did:A56ED96FBCEADE118103A3774FED1E63</xmpMM:OriginalDocumentID> <xmpMM:DerivedFrom rdf:parseType="Resource"> <stRef:instanceID>xmp.iid:A56ED96FBCEADE118103A3774FED1E63</stRef:instanceID> <stRef:documentID>xmp.did:A56ED96FBCEADE118103A3774FED1E63</stRef:documentID> <stRef:originalDocumentID>xmp.did:A56ED96FBCEADE118103A3774FED1E63</stRef:originalDocumentID> </xmpMM:DerivedFrom> </rdf:Description> </rdf:RDF> 

Fotograma #    Fotograma Bytes    Total Bytes    Escena
-----------    ---------------    -----------    -----------------
      1          43599          43599    Escena 1 (Fotograma de exportación para clases de AS 2.0)
      2             31          43630    
      3             31          43661    
      4             31          43692    
      5             31          43723    
      6             31          43754    
      7             31          43785    
      8             31          43816    
      9             31          43847    
     10             31          43878    
     11             31          43909    
     12             31          43940    
     13             31          43971    
     14             31          44002    
     15             26          44028    
     16             11          44039    
     17             11          44050    
     18             11          44061    
     19             11          44072    
     20             11          44083    
     21             11          44094    
     22             11          44105    
     23             11          44116    
     24             11          44127    
     25             11          44138    
     26             11          44149    
     27             11          44160    
     28             11          44171    
     29             11          44182    
     30             11          44193    
     31             11          44204    
     32             11          44215    
     33             11          44226    
     34             11          44237    
     35             11          44248    
     36             11          44259    
     37             11          44270    
     38             11          44281    
     39             11          44292    
     40             11          44303    
     41             11          44314    
     42             11          44325    
     43             11          44336    
     44             11          44347    
     45             11          44358    
     46             11          44369    
     47             11          44380    
     48             11          44391    
     49             11          44402    
     50             11          44413    
     51             11          44424    
     52             11          44435    
     53             11          44446    
     54             11          44457    
     55             11          44468    
     56             11          44479    
     57             11          44490    
     58             11          44501    
     59             11          44512    
     60             11          44523    
     61             11          44534    
     62             11          44545    
     63             11          44556    
     64             11          44567    
     65             11          44578    
     66             11          44589    
     67             11          44600    
     68             11          44611    
     69             11          44622    
     70             11          44633    
     71             11          44644    
     72             11          44655    
     73             11          44666    
     74             11          44677    
     75             11          44688    
     76             11          44699    
     77             11          44710    
     78             11          44721    
     79             11          44732    
     80             11          44743    
     81             11          44754    
     82             11          44765    
     83             11          44776    
     84             11          44787    
     85             11          44798    
     86             11          44809    
     87             11          44820    
     88             11          44831    
     89             11          44842    
     90             11          44853    
     91             11          44864    
     92             11          44875    
     93             11          44886    
     94             11          44897    
     95             11          44908    
     96             11          44919    
     97             11          44930    
     98             11          44941    
     99             11          44952    
    100             11          44963    
    101             11          44974    
    102             11          44985    
    103             11          44996    
    104             11          45007    
    105             11          45018    
    106             11          45029    
    107             11          45040    
    108             11          45051    
    109             11          45062    
    110             11          45073    
    111             11          45084    
    112             11          45095    
    113             11          45106    
    114             11          45117    
    115             11          45128    
    116             11          45139    
    117             11          45150    
    118             11          45161    
    119             11          45172    
    120             11          45183    
    121             41          45224    
    122             41          45265    
    123             41          45306    
    124             41          45347    
    125          18012          63359    
    126             24          63383    
    127             16          63399    
    128             16          63415    
    129             16          63431    
    130            136          63567    
    131             35          63602    
    132             35          63637    
    133             35          63672    
    134             35          63707    
    135             35          63742    
    136             35          63777    
    137             35          63812    
    138             35          63847    
    139             35          63882    
    140             35          63917    
    141             35          63952    
    142             35          63987    
    143             35          64022    
    144             35          64057    
    145             31          64088    
    146             25          64113    
    147             11          64124    
    148             11          64135    
    149             11          64146    
    150             11          64157    
    151             11          64168    
    152             11          64179    
    153             11          64190    
    154             11          64201    
    155             11          64212    
    156             11          64223    
    157             11          64234    
    158             11          64245    
    159             11          64256    
    160             11          64267    
    161             11          64278    
    162             11          64289    
    163             11          64300    
    164             11          64311    
    165             11          64322    
    166             11          64333    
    167             11          64344    
    168             11          64355    
    169             11          64366    
    170             11          64377    
    171             11          64388    
    172             11          64399    
    173             11          64410    
    174             11          64421    
    175             11          64432    
    176             11          64443    
    177             11          64454    
    178             11          64465    
    179             11          64476    
    180             11          64487    
    181             11          64498    
    182             11          64509    
    183             11          64520    
    184             11          64531    
    185             11          64542    
    186             11          64553    
    187             11          64564    
    188             11          64575    
    189             11          64586    
    190             11          64597    
    191             11          64608    
    192             11          64619    
    193             11          64630    
    194             11          64641    
    195             11          64652    
    196             11          64663    
    197             11          64674    
    198             11          64685    
    199             25          64710    
    200             11          64721    
    201             11          64732    
    202             11          64743    
    203             11          64754    
    204             11          64765    
    205             11          64776    
    206             11          64787    
    207             11          64798    
    208             11          64809    
    209             11          64820    
    210             11          64831    
    211             11          64842    
    212             11          64853    
    213             11          64864    
    214             11          64875    
    215             11          64886    
    216             11          64897    
    217             11          64908    
    218             11          64919    
    219             11          64930    
    220             11          64941    
    221             11          64952    
    222             11          64963    
    223             11          64974    
    224             25          64999    
    225             11          65010    
    226             11          65021    
    227             11          65032    
    228             11          65043    
    229             11          65054    
    230             11          65065    
    231             11          65076    
    232             11          65087    
    233             11          65098    
    234             11          65109    
    235             11          65120    
    236             11          65131    
    237             11          65142    
    238             11          65153    
    239             11          65164    
    240             11          65175    
    241             11          65186    
    242             11          65197    
    243             11          65208    
    244             11          65219    
    245             11          65230    
    246             11          65241    
    247             11          65252    
    248             11          65263    
    249             11          65274    
    250             25          65299    
    251             41          65340    
    252             41          65381    
    253             41          65422    
    254             41          65463    
    255          36822         102285    
    256             24         102309    
    257             16         102325    
    258             16         102341    
    259             16         102357    
    260             81         102438    
    261             31         102469    
    262             31         102500    
    263             31         102531    
    264             31         102562    
    265             31         102593    
    266             31         102624    
    267             31         102655    
    268             31         102686    
    269             31         102717    
    270             31         102748    
    271             31         102779    
    272             31         102810    
    273             31         102841    
    274             31         102872    
    275             26         102898    
    276             11         102909    
    277             11         102920    
    278             11         102931    
    279             11         102942    
    280             11         102953    
    281             11         102964    
    282             11         102975    
    283             11         102986    
    284             11         102997    
    285             11         103008    
    286             11         103019    
    287             11         103030    
    288             11         103041    
    289             11         103052    
    290             11         103063    
    291             11         103074    
    292             11         103085    
    293             11         103096    
    294             11         103107    
    295             11         103118    
    296             11         103129    
    297             11         103140    
    298             11         103151    
    299             11         103162    
    300             11         103173    
    301             11         103184    
    302             11         103195    
    303             11         103206    
    304             11         103217    
    305             11         103228    
    306             11         103239    
    307             11         103250    
    308             11         103261    
    309             11         103272    
    310             11         103283    
    311             11         103294    
    312             11         103305    
    313             11         103316    
    314             11         103327    
    315             11         103338    
    316             11         103349    
    317             11         103360    
    318             11         103371    
    319             11         103382    
    320             11         103393    
    321             11         103404    
    322             11         103415    
    323             11         103426    
    324             11         103437    
    325             11         103448    
    326             11         103459    
    327             11         103470    
    328             11         103481    
    329             11         103492    
    330             11         103503    
    331             11         103514    
    332             11         103525    
    333             11         103536    
    334             11         103547    
    335             11         103558    
    336             11         103569    
    337             11         103580    
    338             11         103591    
    339             11         103602    
    340             11         103613    
    341             11         103624    
    342             11         103635    
    343             11         103646    
    344             11         103657    
    345             11         103668    
    346             11         103679    
    347             11         103690    
    348             11         103701    
    349             11         103712    
    350             11         103723    
    351             11         103734    
    352             11         103745    
    353             11         103756    
    354             11         103767    
    355             11         103778    
    356             11         103789    
    357             11         103800    
    358             11         103811    
    359             11         103822    
    360             11         103833    
    361             11         103844    
    362             11         103855    
    363             11         103866    
    364             11         103877    
    365             11         103888    
    366             11         103899    
    367             11         103910    
    368             11         103921    
    369             11         103932    
    370             11         103943    
    371             11         103954    
    372             11         103965    
    373             11         103976    
    374             11         103987    
    375             11         103998    
    376             11         104009    
    377             11         104020    
    378             11         104031    
    379             11         104042    
    380             11         104053    
    381             36         104089    
    382             36         104125    
    383             36         104161    
    384             36         104197    
    385          32666         136863    
    386             24         136887    
    387             16         136903    
    388             16         136919    
    389             16         136935    
    390             98         137033    
    391             31         137064    
    392             31         137095    
    393             31         137126    
    394             31         137157    
    395             31         137188    
    396             31         137219    
    397             31         137250    
    398             31         137281    
    399             31         137312    
    400             31         137343    
    401             31         137374    
    402             31         137405    
    403             31         137436    
    404             31         137467    
    405             26         137493    
    406             11         137504    
    407             11         137515    
    408             11         137526    
    409             11         137537    
    410             11         137548    
    411             11         137559    
    412             11         137570    
    413             11         137581    
    414             11         137592    
    415             11         137603    
    416             11         137614    
    417             11         137625    
    418             11         137636    
    419             11         137647    
    420             11         137658    
    421             11         137669    
    422             11         137680    
    423             11         137691    
    424             11         137702    
    425             11         137713    
    426             11         137724    
    427             11         137735    
    428             11         137746    
    429             11         137757    
    430             11         137768    
    431             11         137779    
    432             11         137790    
    433             11         137801    
    434             11         137812    
    435             11         137823    
    436             11         137834    
    437             11         137845    
    438             11         137856    
    439             11         137867    
    440             11         137878    
    441             11         137889    
    442             11         137900    
    443             11         137911    
    444             11         137922    
    445             11         137933    
    446             11         137944    
    447             11         137955    
    448             11         137966    
    449             11         137977    
    450             11         137988    
    451             11         137999    
    452             11         138010    
    453             11         138021    
    454             11         138032    
    455             11         138043    
    456             11         138054    
    457             11         138065    
    458             11         138076    
    459             11         138087    
    460             11         138098    
    461             11         138109    
    462             11         138120    
    463             11         138131    
    464             11         138142    
    465             11         138153    
    466             11         138164    
    467             11         138175    
    468             11         138186    
    469             11         138197    
    470             11         138208    
    471             11         138219    
    472             11         138230    
    473             11         138241    
    474             11         138252    
    475             11         138263    
    476             11         138274    
    477             11         138285    
    478             11         138296    
    479             11         138307    
    480             11         138318    
    481             11         138329    
    482             11         138340    
    483             11         138351    
    484             11         138362    
    485             11         138373    
    486             11         138384    
    487             11         138395    
    488             11         138406    
    489             11         138417    
    490             11         138428    
    491             11         138439    
    492             11         138450    
    493             11         138461    
    494             11         138472    
    495             11         138483    
    496             11         138494    
    497             11         138505    
    498             11         138516    
    499             11         138527    
    500             11         138538    
    501             11         138549    
    502             11         138560    
    503             11         138571    
    504             11         138582    
    505             11         138593    
    506             11         138604    
    507             11         138615    
    508             11         138626    
    509             11         138637    
    510             11         138648    
    511             36         138684    
    512             36         138720    
    513             36         138756    
    514             36         138792    
    515           9948         148740    
    516             24         148764    
    517             16         148780    
    518             16         148796    
    519             16         148812    
    520             99         148911    
    521             31         148942    
    522             31         148973    
    523             31         149004    
    524             31         149035    
    525             31         149066    
    526             31         149097    
    527             31         149128    
    528             31         149159    
    529             31         149190    
    530             31         149221    
    531             31         149252    
    532             31         149283    
    533             31         149314    
    534             31         149345    
    535             26         149371    
    536             11         149382    
    537             11         149393    
    538             11         149404    
    539             11         149415    
    540             11         149426    
    541             11         149437    
    542             11         149448    
    543             11         149459    
    544             11         149470    
    545             11         149481    
    546             11         149492    
    547             11         149503    
    548             11         149514    
    549             11         149525    
    550             11         149536    
    551             11         149547    
    552             11         149558    
    553             11         149569    
    554             11         149580    
    555             11         149591    
    556             11         149602    
    557             11         149613    
    558             11         149624    
    559             11         149635    
    560             11         149646    
    561             11         149657    
    562             11         149668    
    563             11         149679    
    564             11         149690    
    565             11         149701    
    566             11         149712    
    567             11         149723    
    568             11         149734    
    569             11         149745    
    570             11         149756    
    571             11         149767    
    572             11         149778    
    573             11         149789    
    574             11         149800    
    575             11         149811    
    576             11         149822    
    577             11         149833    
    578             11         149844    
    579             11         149855    
    580             11         149866    
    581             11         149877    
    582             11         149888    
    583             11         149899    
    584             11         149910    
    585             11         149921    
    586             11         149932    
    587             11         149943    
    588             11         149954    
    589             11         149965    
    590             11         149976    
    591             11         149987    
    592             11         149998    
    593             11         150009    
    594             11         150020    
    595             11         150031    
    596             11         150042    
    597             11         150053    
    598             11         150064    
    599             11         150075    
    600             11         150086    
    601             11         150097    
    602             11         150108    
    603             11         150119    
    604             11         150130    
    605             11         150141    
    606             11         150152    
    607             11         150163    
    608             11         150174    
    609             11         150185    
    610             11         150196    
    611             11         150207    
    612             11         150218    
    613             11         150229    
    614             11         150240    
    615             11         150251    
    616             11         150262    
    617             11         150273    
    618             11         150284    
    619             11         150295    
    620             11         150306    
    621             11         150317    
    622             11         150328    
    623             11         150339    
    624             11         150350    
    625             11         150361    
    626             11         150372    
    627             11         150383    
    628             11         150394    
    629             11         150405    
    630             11         150416    
    631             11         150427    
    632             11         150438    
    633             11         150449    
    634             11         150460    
    635             11         150471    
    636             11         150482    
    637             11         150493    
    638             11         150504    
    639             11         150515    
    640             11         150526    
    641             36         150562    
    642             36         150598    
    643             36         150634    
    644             36         150670    
    645          27141         177811    
    646             24         177835    
    647             16         177851    
    648             16         177867    
    649             16         177883    
    650             93         177976    
    651             31         178007    
    652             31         178038    
    653             31         178069    
    654             31         178100    
    655             31         178131    
    656             31         178162    
    657             31         178193    
    658             31         178224    
    659             31         178255    
    660             31         178286    
    661             31         178317    
    662             31         178348    
    663             31         178379    
    664             31         178410    
    665             26         178436    
    666             11         178447    
    667             11         178458    
    668             11         178469    
    669             11         178480    
    670             11         178491    
    671             11         178502    
    672             11         178513    
    673             11         178524    
    674             11         178535    
    675             11         178546    
    676             11         178557    
    677             11         178568    
    678             11         178579    
    679             11         178590    
    680             11         178601    
    681             11         178612    
    682             11         178623    
    683             11         178634    
    684             11         178645    
    685             11         178656    
    686             11         178667    
    687             11         178678    
    688             11         178689    
    689             11         178700    
    690             11         178711    
    691             11         178722    
    692             11         178733    
    693             11         178744    
    694             11         178755    
    695             11         178766    
    696             11         178777    
    697             11         178788    
    698             11         178799    
    699             11         178810    
    700             11         178821    
    701             11         178832    
    702             11         178843    
    703             11         178854    
    704             11         178865    
    705             11         178876    
    706             11         178887    
    707             11         178898    
    708             11         178909    
    709             11         178920    
    710             11         178931    
    711             11         178942    
    712             11         178953    
    713             11         178964    
    714             11         178975    
    715             11         178986    
    716             11         178997    
    717             11         179008    
    718             11         179019    
    719             11         179030    
    720             11         179041    
    721             11         179052    
    722             11         179063    
    723             11         179074    
    724             11         179085    
    725             11         179096    
    726             11         179107    
    727             11         179118    
    728             11         179129    
    729             11         179140    
    730             11         179151    
    731             11         179162    
    732             11         179173    
    733             11         179184    
    734             11         179195    
    735             11         179206    
    736             11         179217    
    737             11         179228    
    738             11         179239    
    739             11         179250    
    740             11         179261    
    741             11         179272    
    742             11         179283    
    743             11         179294    
    744             11         179305    
    745             11         179316    
    746             11         179327    
    747             11         179338    
    748             11         179349    
    749             11         179360    
    750             11         179371    
    751             11         179382    
    752             11         179393    
    753             11         179404    
    754             11         179415    
    755             11         179426    
    756             11         179437    
    757             11         179448    
    758             11         179459    
    759             11         179470    
    760             11         179481    
    761             11         179492    
    762             11         179503    
    763             11         179514    
    764             11         179525    
    765             11         179536    
    766             31         179567    
    767             31         179598    
    768             31         179629    
    769             31         179660    
    770             31         179691    

Escena                        Forma Bytes    Texto Bytes    ActionScript Bytes
--------------------------    -----------    -----------    ------------------
Escena 1                               0             0                     0

Símbolo                       Forma Bytes    Texto Bytes    ActionScript Bytes
--------------------------    -----------    -----------    ------------------
Animar 17                              0             0                     0
Animar 16                              0             0                     0
Animar 15                              0             0                     0
Animar 14                              0            68                     0
Animar 13                              0            75                     0
Animar 12                              0            74                     0
Animar 11                              0            57                     0
Animar 10                              0           111                     0
Animar 9                               0             0                     0
Animar 8                               0            61                     0
Animar 7                              35             0                     0
Animar 6                               0             0                     0
Animar 5                               0             0                     0
Animar 4                               0             0                     0
Animar 3                               0             0                     0
Animar 2                               0             0                     0
Animar 1                               0             0                     0
Símbolo 2                             0             0                     0

Nombre de fuente                 Bytes        Caracteres    
-----------------------------    ---------    --------------
Arial-BoldMT Negrita           3791     -ABCFKMNOPSacdeghilmnopqrstuyz´ñ

Mapa de bits                     Comprimido    Compresión
-----------------------------    ----------  --------  ----------
img1.jpg                       28133      850000   Calidad JPEG=50
logo.png                       10156      115968   Calidad JPEG=50
img7.jpg                       17890      850000   Calidad JPEG=50
img3.jpg                       36705      850000   Calidad JPEG=45
img9.jpg                       32549      850000   Calidad JPEG=50
img5.jpg                        9831      850000   Calidad JPEG=50
img8.jpg                       27024      850000   Calidad JPEG=50




